# x #f(x)
-856.000000
-828.689000
-801.952000
-775.783000
-750.176000
-725.125000
-700.624000
-676.667000
-653.248000
-630.361000
-608.000000
-586.159000
-564.832000
-544.013000
-523.696000
-503.875000
-484.544000
-465.697000
-447.328000
-429.431000
-412.000000
-395.029000
-378.512000
-362.443000
-346.816000
-331.625000
-316.864000
-302.527000
-288.608000
-275.101000
-262.000000
-249.299000
-236.992000
-225.073000
-213.536000
-202.375000
-191.584000
-181.157000
-171.088000
-161.371000
-152.000000
-142.969000
-134.272000
-125.903000
-117.856000
-110.125000
-102.704000
-95.587000
-88.768000
-82.241000
-76.000000
-70.039000
-64.352000
-58.933000
-53.776000
-48.875000
-44.224000
-39.817000
-35.648000
-31.711000
-28.000000
-24.509000
-21.232000
-18.163000
-15.296000
-12.625000
-10.144000
-7.847000
-5.728000
-3.781000
-2.000000
-0.379000
1.088000
2.407000
3.584000
4.625000
5.536000
6.323000
6.992000
7.549000
8.000000
8.351000
8.608000
8.777000
8.864000
8.875000
8.816000
8.693000
8.512000
8.279000
8.000000
7.681000
7.328000
6.947000
6.544000
6.125000
5.696000
5.263000
4.832000
4.409000
4.000000
3.611000
3.248000
2.917000
2.624000
2.375000
2.176000
2.033000
1.952000
1.939000
2.000000
2.141000
2.368000
2.687000
3.104000
3.625000
4.256000
5.003000
5.872000
6.869000
8.000000
9.271000
10.688000
12.257000
13.984000
15.875000
17.936000
20.173000
22.592000
25.199000
28.000000
31.001000
34.208000
37.627000
41.264000
45.125000
49.216000
53.543000
58.112000
62.929000
68.000000
73.331000
78.928000
84.797000
90.944000
97.375000
104.096000
111.113000
118.432000
126.059000
134.000000
142.261000
150.848000
159.767000
169.024000
178.625000
188.576000
198.883000
209.552000
220.589000
232.000000
243.791000
255.968000
268.537000
281.504000
294.875000
308.656000
322.853000
337.472000
352.519000
368.000000
383.921000
400.288000
417.107000
434.384000
452.125000
470.336000
489.023000
508.192000
527.849000
548.000000
568.651000
589.808000
611.477000
633.664000
656.375000
679.616000
703.393000
727.712000
752.579000
778.000000
803.981000
830.528000
857.647000
885.344000
913.625000
942.496000
971.963000
1002.032000
1032.709000
1064.000000
